1777950723
1764085764
1775866198
1775865862
1776086017
1775943689
1777909770
1776306187
1778130957
1774305298
1776701443
1772582933
1774864406
1775526575
1776160796
1773824030
1776162847
1775896608
1775669281
1772410914
1776451621
1772255271
1774549035
1776128046
1776711727
1775386677
1777311753
1775960125
1771575359
1777215553
1778077762
1776738998
1773105223
1778094152
1762058313
1776070732
1778143309
1774757966
1774438413
1776093264
1773086801
1778065491
1777334359
1771112536
1776059837
1769656410
1776379995
1776169052
1774497886
1767143519
1773062242
1772627643
1776014694
1776830567
1766092904
1770428523
1774626834
1775468654
1777561712
1775884402
1778023531
1777918068
1776883832
1776615545
1777688698
1777375357
1776031873
1775329410
1774743683
1777264773
1776427142
1777299591
1774909578
1778063503
1776001174
1773424791
1776781465
1777201306
1776216220
1776190832
1773086882
1776009379
1774524581
1764665514
1777475758
1773090991
1777688752
1776383341
1777618974
1776107702
1777837769
1776976060
1776738495
1778100418
1773484227
1777897781
1777193159
1778043080
1776305868
1772094839
1776502988
1766670542
1777762511
1777299664
1777922257
1775345876
1774147798
1775949177
1772163484
1770107100
1772094842
1771079902
1774837983
1774444969
1776752866
1774377187
1769554148
1775460583
1774214183
1773474029
1761100015
1777086704
1777451250
1777275124
1774622969
1766594814
1777647871
1771536640
1777826049
1765925931
1775429895
1774563594
1778082060
1778002190
1776501007
1773637905
1777549586
1778016531
1774586136
1768753436
1776603421
1766081800
1773326929
1776986405
1777488167
1768905001
1767807274
1764534572
1775425838
1757034799
1775466803
1777377589
1777185080
1777469753
1776195899
1764909372
1766709301
1767212212
1777994053
1777254726
1775812935
1775679821
1778116942
1775524176
1776367958
1776920923
1777240805
1770209633
1772075366
1774585233
1777209709
1765691763
1775991159
1776763259
1777081066
1776384382
1775409535
1776494984
1778026891
1775278480
1750161810
1777396116
1775808917
1777800601
1775888796
1775004063
1769218465
1776001444
1765783585
1777351078
1774868903
1775761820
1776619949
1777875374
1774649776
1775586376
1775964594
1777390003
1773371832
1776073147
1761004618
1769181630
1774524863
1777164739
1775810185
1775092169
1771706826
1777297871
1776943568
1776718291
1776140757
1771717078
1765857017
1777787352
1776789983
1778055651
1777048037
1767184465
1776079336
1774598636
1777883629
1775893044
1764880200
1777304830
1775862258
1777785331
1776509431
1775968760
1775458809
1778076154
1778024955
1776884220
1776991658
1773756926
1774537217
1777209859
1776644612
1769890309
1776859658
1769754711
1776048652
1776611074
1775817133
1776867857
1776607765
1773720087
1776501273
1776292380
1776632349
1776300574
1777179167
1774144603
1777474085
1775911462
1773937193
1776302634
1772323373
1776583215
1776142899
1775948340
1776892469
1769278012
1777191486
1773345343
1777248834
1775934023
1766048102
1774555722
1773185614
1776667217
1773128274
1765720659
1776765525
1776583119
1776308827
1778023004
1775119802
1772044896
1766435600
1775379899
1776602828
1775671909
1778033254
1777121895
1773435496
1772307050
1778098797
1764771261
1769065073
1775430259
1774537150
1773699702
1774750327
1775430265
1776988796
1773566592
1775946859
1775932038
1778002567
1775737480
1775838999
1775514252
1777015437
1774646365
1776743055
1777353361
1775508116
1777336985
1777222298
1773400732
1777357470
1775792799
1778064032
1773587107
1774500516
1769581222
1768938155
1776675503
1769042608
1776966321
1778141875
1776210613
1776837302
1777115593
1776163512
1776609979
1776454335
1776290496
1775815364
1776843462
1778153250
1777470159
1777005269
1774223481
1767383768
1776653018
1777035995
1766175452
1774520442
1777220320
1773596837
1777484516
1772026597
1770322662
1776214760
1776251625
1777271530
1772125309
1769557815
1777640178
1774621427
1774654196
1778117366
1777838840
1775997689
1772966650
1774633726
1764549379
1773779720
1775340297
1778013655
1774776450
1774635792
1774545368
1770814226
1775593675
1773041797
1775907619
1777261350
1771567914
1777189085
1777310511
1773654832
1767306036
1773605685
1776821049
1765619588
1774664508
1777195840
1770405003
1769253702
1768682315
1776784525
1777337030
1777894227
1777079097
1777398616
1777943387
1774876133
1776294752
1774590817
1774578535
1774449512
1776745321
1775782762
1770482547
1765817204
1774881653
1774666616
1776124793
1773161340
1764625278
1773800319
1777683329
1775807362
1777832835
1774703494
1774943111
1777202065
1777073043
1776739226
1778095941
1776198561
1776061346
1773992867
1741274028
1764933448
1778019253
1769259959
1776458682
1777832892
1775018945
1777449922
1776294855
1775530953
1777163211
1775700942
1776702416
1777216465
1777343442
1775623123
1769325526
1774558372
1773456347
1777611258
1772098527
1775604704
1775480656
1777148411
1777681380
1776120806
1776602088
1775090670
1775596528
1775842289
1776079859
1775412212
1775492085
1766390774
1772977150
1777150977
1777003526
1775942663
1765917711
1773724689
1774868995
1777163284
1777187279
1769325594
1775968431
1774355485
1775686686
1766599712
1776384859
1777369771
1767425063
1757018354
1776895018
1774892075
1773135026
1741673522
1776757940
1777142843
1775767640
1769385023
1773395008
1776385091
1776211015
1776710728
1774904394
1775270988
1774464093
1774479885
1774869688
1777075282
1772319828
1773331773
1776016470
1776837721
1776030547
1776599567
1776626780
1777876061
1778134110
1772624994
1775791204
1776559208
1775701097
1766629223
1777046636
1772061805
1774498932
1776063607
1777762495
1772268394
1777269886
1776383107
1774408839
1774843016
1768170633
1776017943
1773063309
1776778384
1776047249
1776293010
1774832788
1741728919
1778044057
1776659611
1777071261
1766526329
1776999584
1776365424
1774490787
1777132708
1776794792
1776169159
1778097330
1775385780
1765737653
1741350072
1775094644
1741478431
1775549628
1777403069
1767664833
1773745347
1777953988
1772682418
1778132855
1778101454
1777219448
1771175126
1777007832
1776726223
1776505381
1776114913
1774638307
1775994084
1778055718
1777001703
1763468520
1777330044
1775480045
1769026798
1777878255
1775987953
1774146802
1777177843
1775992052
1771709685
1773096184
1776092412
1769311485
1775801598
1776551169
1777739012
1777116374
1777366279
1774263945
1778041047
1777394958
1777368963
1775453462
1775695128
1777360772
1777612058
1775984858
1776987696
1776649507
1777261860
1773057318
1777296680
1774820649
1776629039
1767873075
1764710622
1772377398
1775011127
1777363508
1770654943
1777241994
1775738421
1776031047
1778027851
1774449996
1774339409
1777896790
1766167895
1777958232
1772434259
1777175900
1774579038
1776653665
1774828899
1769966950
1766923507
1777122535
1777063277
1776113006
1776088431
1777169776
1776125300
1777233270
1777458551
1777122164
1775674746
1777739131
1776684414
1775582594
1777243523
1776860548
1771423110
1776205194
1773499634
1775777005
1775949201
1777822958
1768808004
1764171163
1777269658
1775623582
1775991024
1778113954
1776993699
1777919402
1776596395
1777275122
1777311151
1777726897
1777083635
1776819636
1777163701
1776797111
1777976760
1777391860
1777825210
1777685947
1773268413
1776096704
1778028107
1777456580
1775365025
1776905683
1776867750
1777180118
1773774295
1777728990
1777212896
1776088547
1775621605
1774763494
1774579175
1776985579
1762807277
1775490542
1777167613
1775828464
1766252018
1776059891
1776162046
1774612393
1778050553
1776733692
1774824958
1773704705
1773708809
1776960750
1769319954
1775674899
1774264977
1764840708
1773569568
1777909079
1777735209
1757009450
1770782983
1775400492
1778109997
1775726128
1773587720
1775343155
1776195125
1776062011
1776307774
1775494720
1776125505
1776744004
1766764103
1777831497
1776452535
1774913106
1777371478
1776565848
1774227035
1773516805
1776034405
1773993570
1776500327
1775830634
1778134631
1774633234
1769583208
1774784115
1774966389
1776103031
1766305401
1775488634
1761035882
1766628992
1773512321
1777985131
1773792903
1775727286
1775662729
1778046604
1774499472
1772449425
1776305813
1774562966
1776741657
1775871640
1770407578
1766209179
1774689562
1777847966
1771323039
1778060962
1776711332
1775843953
1776940714
1766661405
1776551600
1770358452
1774517943
1775455928
1775480507
1776101052
1777231549
1775765182
1774207947
1776799428
1776826057
1776021111
1777176268
1777338063
1777030865
1778061011
1775994580
1768388558
1778034390
1775816313
1776013016
1773080283
1776086753
1775609572
1777061158
1777088233
1770866416
1776258801
1775580917
1775967990
1777041143
1774877654
1776783097
1772353834
1774456789
1777907456
1775392514
1777804246
1777397512
1775126281
1776619274
1777821452
1774923534
1774421775
1775070994
1776025366
1776810969
1774044962
1775406886
1772869416
1777780521
1764818730
1774871517
1773201200
1775937330
1768982324
1772973705
1777180473
1764856799
1774849853
1776251189
1776019264
1775662915
1778040645
1774649158
1775992647
1769688904
1777246025
1775828812
1777401677
1767399248
1777946451
1776306004
1776088917
1776385879
1776856036
1777086301
1769766753
1776826210
1773569892
1778132838
1778003815
1766054204
1775914862
1777733487
1770825584
1776256882
1776025459
1777219447
1777903480
1775273851
1777301372
1776652160
1769258883
1776854916
1777980102
1772945289
1777950602
1777188747
1775802253
1773455106
1777907605
1777262416
1770985374
1775185831
1772232617
1777235883
1775230962
1776117679
1774886832
1769025457
1777206259
1768959930
1777268667
1777084350
1774529525
1776093120
1768753091
1773082566
1777784140
1776615373
1777913806
1775712207
1770276004
1777477589
1776256982
1776852956
1741549537
1777370894
1770322262
1777609998
1766267691
1778092010
1773322220
1769674734
1776250865
1773754354
1774383091
1773740020
1777188854
1777170426