1756088325
1754914830
1754968079
1756011182
1755068440
1754986531
1754892327
1754564648
1754277936
1755686965
1755795511
1755415220
1755205693
1755095105
1754726469
1756012640
1755383888
1755590737
1755709522
1754746894
1754855515
1754841184
1736822881
1754869861
1752940648
1755959402
1753700463
1755971702
1755838593
1755988103
1755074697
1756029069
1754130576
1756024856
1754992786
1755539603
1755898007
1745098905
1756000411
1754695836
1755949214
1754898591
1753292962
1755762862
1752549064
1754427571
1755383991
1755807928
1755953342
1755304128
1755414721
1755795650
1755930820
1754978501
1750493384
1755887818
1739276515
1755863268
1753405669
1755384041
1746180330
1752740562
1755797745
1754978546
1751324919
1754073336
1748855034
1753129214
1755779337
1753934092
1755634392
1755824402
1755306262
1754947868
1755714949
1750722848
1755754786
1755414821
1755353386
1756131633
1752568114
1756055864
1752916293
1755429190
1754784073
1755263306
1741787467
1755918668
1750957112
1755539794
1753770329
1755077690
1755619682
1755603305
1755664747
1755869552
1755984245
1722763651
1754478981
1754673549
1755907481
1754900890
1736845726
1755603365
1756131750
1755716008
1756023211
1755763118
1754589617
1754501555
1755161018
1753807297
1755832774
1754700243
1754917337
1755993850
1754051045
1755908589
1755625970
1755851255
1755746815
1755963904
1755165187
1755136518
1754728968
1754759690
1753825804
1737288215
1755908645
1755830822
1743905324
1755206192
1755304499
1753352757
1754937915
1754946110
1755549792
1754786374
1754245711
1755685459
1755875940
1755972202
1755949675
1754034799
1754970216
1755519610
1754873962
1754602110
1755744896
1755808389
1755976328
1754135180
1754862222
1747630737
1755873948
1752914589
1755601567
1754858158
1755691699
1754565300
1753336505
1753299643
1755685566
1755949762
1749818054
1755767498
1753238221
1755777746
1754634964
1755413208
1755751131
1755423452
1755603677
1754901214
1747542752
1755499242
1746615079
1752904430
1756111608
1754913536
1755896588
1756035854
1755542317
1756005137
1750248210
1753891608
1755353886
1755712287
1751462690
1753961252
1754534693
1755759399
1756031111
1755622189
1755419442
1755511608
1755011898
1754922621
1754813246
1753383748
1756060497
1755461092
1755979579
1755962216
1755706223
1756011303
1755706227
1752890230
1755792250
1756025724
1755468670
1752413055
1754502016
1753168781
1754844052
1755505560
1754071963
1754940324
1753201573
1755421607
1755644843
1754880944
1755208627
1755755449
1755659198
1755984831
1752017859
1754984075
1737718727
1755548622
1755999184
1755462613
1750471638
1755366362
1755997149
1754381293
1746570228
1755499512
1755778044
1754911747
1755870217
1755989007
1755878420
1752781851
1753390129
1755200565
1755970616
1754422330
1755262795
1739299916
1746197589
1756032090
1750705245
1754987618
1750219964
1754510445
1754446964
1756019830
1755602042
1755647101
1737596038
1732779144
1745456266
1752495243
1755800718
1755661455
1755366549
1754829982
1755991201
1755802793
1755976875
1752816817
1754631346
1755552956
1755649909
1756030146
1753423054
1752896724
1755618523
1755974885
1755952359
1755606251
1755512049
1754989815
1741817085
1755970826
1755098386
1753898264
1755626779
1755014428
1755499739
1756017956
1755954471
1744309545
1754924331
1754524977
1755366707
1755536701
1755632960
1755811152
1755059540
1755624789
1755276634
1749820772
1755823462
1755946348
1754830196
1755932024
1751003028
1755157890
1755426181
1756007833
1755800993
1755970979
1747826086
1755999473
1755559338
1754910124
1755979183
1755542960
1754875316
1756112459
1753341394
1752036823
1755993560
1755657689
1753138652
1755961594
1755354596
1754965485
1755604221
1756098032
1755969013
1755162102
1752493559
1754385921
1756003846
1755534860
1753351695
1755270675
1739329044
1755950613
1754648088
1755010585
1754449450
1756001843
1755878967
1745509944
1754594873
1754469946
1753388610
1754807883
1737418316
1755901518
1755180627
1754848855
1755426392
1752270427
1755076188
1754861150
1756028511
1754566241
1751223907
1737784933
1755778665
1754160746
1756038764
1754783344
1755633265
1739777652
1755782078
1755823734
1756032631
1722699384
1755930559
1753218685
1755854465
1755747972
1723956875
1754457749
1751713444
1756042917
1747797671
1756067501
1755967154
1754881716
1754998456
1755694783
1754959559
1754281672
1752905422
1755657937
1755924179
1755707095
1753286361
1755535311
1755746016
1746517731
1755467500
1755169405
1755547380
1739294458
1756086011
1753251581
1755714517
1755498242
1756008213
1755967108
1755166496
1756111153
1752925994
1745071920
1754638136
1755752251
1755825985
1755932483
1755909963
1755973452
1755496299
1755694957
1755305845
1752315775
1752543109
1753114503
1755754378
1756008339
1753137044
1755981724
1754548129
1755031470
1753984951
1755895742
1754591167
1754103747
1755580357
1753984968
1756057546
1755467725
1754697679
1756000216
1754949593
1755594716
1755703262
1755588576
1755195364
1739266032
1755811825